0 45 75.0
0 22 40.0
0 17 879.0
0 16 21.0
0 57 833.0
0 49 792.0
1 69 785.0
1 32 493.0
1 57 546.0
1 41 908.0
1 45 827.0
1 52 26.0
2 33 594.0
2 4 370.0
2 31 567.0
2 30 450.0
2 74 193.0
3 8 25.0
3 0 466.0
3 15 430.0
3 32 972.0
3 71 393.0
4 6 681.0
4 27 270.0
4 5 128.0
5 65 765.0
5 53 17.0
5 19 613.0
5 66 2.0
5 41 430.0
6 68 679.0
6 24 809.0
6 71 169.0
6 10 943.0
7 18 419.0
7 17 728.0
8 32 297.0
8 11 55.0
8 50 222.0
9 53 800.0
9 10 470.0
9 28 694.0
10 8 529.0
10 68 700.0
10 11 468.0
10 53 489.0
11 7 148.0
11 55 356.0
12 64 829.0
12 69 199.0
12 20 474.0
13 63 371.0
13 79 204.0
13 65 150.0
14 57 669.0
14 64 696.0
14 31 437.0
14 68 583.0
14 7 454.0
14 11 360.0
15 21 648.0
15 44 367.0
15 66 446.0
15 24 2.0
15 41 558.0
15 46 29.0
16 50 885.0
16 45 987.0
16 28 464.0
16 69 721.0
16 19 513.0
16 70 345.0
17 5 86.0
17 34 464.0
17 22 188.0
17 26 454.0
17 56 467.0
17 18 882.0
18 3 272.0
18 17 591.0
19 54 120.0
19 74 476.0
20 8 794.0
20 74 824.0
20 21 153.0
20 10 761.0
20 1 269.0
21 73 663.0
21 65 683.0
21 55 298.0
21 0 43.0
21 34 730.0
22 25 498.0
22 45 411.0
22 8 55.0
22 18 74.0
22 17 640.0
22 18 585.0
23 64 928.0
23 49 136.0
23 76 462.0
24 48 386.0
24 10 321.0
24 55 456.0
24 51 319.0
24 79 753.0
24 29 14.0
25 44 769.0
25 49 188.0
25 73 531.0
26 79 764.0
26 57 402.0
26 31 447.0
26 11 315.0
26 5 523.0
27 45 489.0
27 38 509.0
27 45 229.0
27 44 388.0
27 41 918.0
27 1 488.0
28 70 777.0
29 66 259.0
29 2 289.0
29 28 24.0
29 57 510.0
29 2 579.0
30 80 677.0
30 36 325.0
30 27 748.0
30 12 453.0
30 64 61.0
30 3 31.0
31 53 683.0
31 48 758.0
31 31 2.0
31 4 753.0
32 23 758.0
32 35 858.0
32 28 908.0
33 28 571.0
33 38 293.0
33 20 825.0
33 10 518.0
33 2 494.0
34 31 772.0
34 69 635.0
35 20 299.0
35 64 808.0
36 68 285.0
36 56 985.0
37 47 936.0
37 1 688.0
38 51 937.0
38 44 325.0
38 6 89.0
39 18 77.0
39 60 880.0
39 15 544.0
40 65 296.0
41 44 19.0
41 26 707.0
41 6 533.0
41 10 20.0
41 29 31.0
42 56 128.0
42 44 87.0
42 44 593.0
42 9 642.0
42 74 362.0
42 7 504.0
43 3 409.0
43 51 736.0
44 80 201.0
44 64 367.0
44 58 176.0
44 25 464.0
44 67 879.0
45 77 867.0
45 52 613.0
45 77 751.0
45 59 638.0
45 26 663.0
46 60 158.0
46 28 49.0
46 31 659.0
46 70 308.0
46 47 468.0
46 73 507.0
47 41 365.0
47 76 993.0
48 56 25.0
49 43 44.0
49 76 550.0
49 16 964.0
49 29 367.0
49 55 968.0
49 28 787.0
50 41 436.0
50 40 526.0
50 45 138.0
50 53 672.0
50 76 225.0
50 2 295.0
51 14 245.0
51 68 553.0
51 13 292.0
51 53 278.0
51 4 968.0
52 50 777.0
52 77 212.0
52 19 172.0
52 71 140.0
53 63 530.0
53 51 62.0
53 30 348.0
53 20 183.0
53 43 531.0
54 77 311.0
54 63 940.0
54 10 512.0
54 80 526.0
54 36 356.0
54 32 74.0
55 56 854.0
56 57 678.0
56 35 390.0
56 65 7.0
57 59 411.0
58 79 862.0
58 49 19.0
58 47 879.0
58 14 972.0
58 3 275.0
58 74 591.0
59 8 414.0
59 51 584.0
59 16 296.0
59 39 300.0
59 46 654.0
60 20 419.0
61 25 239.0
61 17 548.0
61 41 499.0
61 1 563.0
62 35 457.0
62 33 673.0
63 48 13.0
63 71 91.0
63 9 547.0
63 73 94.0
64 45 611.0
64 66 288.0
64 52 650.0
65 69 922.0
65 24 552.0
65 70 67.0
65 1 395.0
65 57 606.0
66 71 582.0
66 59 836.0
66 12 474.0
67 46 96.0
67 4 538.0
67 28 350.0
67 52 938.0
67 8 582.0
68 5 84.0
69 58 686.0
69 54 286.0
69 37 526.0
69 71 783.0
69 3 406.0
69 50 810.0
70 69 223.0
70 17 905.0
71 53 117.0
71 35 318.0
71 75 299.0
71 39 465.0
71 58 835.0
72 57 586.0
72 50 238.0
72 28 165.0
72 19 554.0
73 70 483.0
73 68 144.0
73 9 421.0
73 5 835.0
73 76 496.0
74 24 974.0
75 61 907.0
75 10 921.0
75 58 915.0
76 58 631.0
76 56 390.0
76 50 12.0
76 57 882.0
77 78 789.0
77 49 369.0
77 8 768.0
77 51 313.0
77 19 617.0
78 8 206.0
78 20 996.0
78 42 733.0
78 6 634.0
78 7 175.0
79 44 681.0
79 13 56.0
79 21 746.0
79 50 430.0
80 11 610.0